0 1.000000
1 0.763192
2 0.600672
3 0.479197
4 0.388807
5 0.318561
6 0.264297
7 0.217969
8 0.180790
9 0.149649
10 0.123579
11 0.103381
12 0.085865
13 0.069830
14 0.059525
15 0.050047
16 0.042362
17 0.037790
18 0.030839
19 0.024501
20 0.016191
21 0.011179
22 0.009244
23 0.008046
24 0.007544
25 0.006402
26 0.005704
27 0.002551
28 0.002072
29 0.002974
30 0.004723
31 0.006618
32 0.008299
33 0.008727
34 0.006648
35 0.006704
36 0.004594
37 0.004157
38 0.001928
39 0.001436
40 0.000727
41 0.001609
42 0.000318
43 -0.000114
44 -0.002618
45 -0.001241
46 -0.001130
47 0.000049
48 0.000785
49 0.002655
50 0.003345
51 0.005848
52 0.008463
53 0.007186
54 0.005874
55 0.005021
56 0.004585
57 0.004965
58 0.008251
59 0.011175
60 0.011597
61 0.010314
62 0.008997
63 0.006282
64 0.004672
65 0.004449
66 0.003025
67 0.001658
68 -0.000511
69 -0.002370
70 -0.002654
71 -0.002398
72 -0.001316
73 0.001574
74 0.003271
75 0.001649
76 0.001765
77 -0.000109
78 -0.003117
79 -0.003344
80 -0.004148
81 -0.004995
82 -0.004566
83 -0.005108
84 -0.004785
85 -0.004930
86 -0.005284
87 -0.006132
88 -0.005295
89 -0.002691
90 -0.001047
91 0.000727
92 -0.000659
93 -0.001578
94 -0.000225
95 -0.000136
96 0.000234
97 -0.000697
98 -0.000126
99 -0.000945
100 -0.003431
101 -0.003008
102 -0.002550
103 -0.001655
104 -0.001064
105 -0.000873
106 -0.001169
107 0.001640
108 0.001754
109 0.004416
110 0.008166
111 0.009218
112 0.010465
113 0.011312
114 0.010655
115 0.009026
116 0.009981
117 0.010116
118 0.007923
119 0.005180
120 0.002855
121 0.002249
122 0.001871
123 0.002241
124 0.003938
125 0.002809
126 0.001861
127 0.001071
128 -0.001155
129 -0.002359
130 -0.003997
131 -0.003595
132 -0.002027
133 -0.003382
134 -0.003700
135 -0.005094
136 -0.003181
137 -0.000910
138 0.002093
139 0.003096
140 0.001882
141 -0.001247
142 -0.002633
143 -0.003836
144 -0.005518
145 -0.006784
146 -0.008951
147 -0.008282
148 -0.010413
149 -0.011180
150 -0.012720
151 -0.014878
152 -0.015914
153 -0.014686
154 -0.014019
155 -0.011501
156 -0.010294
157 -0.008971
158 -0.007607
159 -0.006967
160 -0.005646
161 -0.003389
162 0.000985
163 0.005187
164 0.008345
165 0.008298
166 0.009284
167 0.008842
168 0.008498
169 0.008121
170 0.007437
171 0.007462
172 0.005402
173 0.004034
174 0.004064
175 0.003701
176 0.002137
177 0.002782
178 0.002329
179 0.000632
180 -0.003507
181 -0.004705
182 -0.004046
183 -0.001902
184 -0.002854
185 -0.003277
186 -0.002920
187 0.000606
188 0.001861
189 0.001214
190 0.000525
191 -0.000267
192 -0.000292
193 -0.002264
194 -0.002279
195 -0.003344
196 -0.002758
197 -0.002816
198 -0.003247
199 -0.004972
200 -0.006118
201 -0.006616
202 -0.007695
203 -0.006202
204 -0.006525
205 -0.007753
206 -0.008122
207 -0.007993
208 -0.007110
209 -0.005682
210 -0.005236
211 -0.002441
212 -0.000826
213 -0.000165
214 -0.000408
215 -0.000446
216 -0.001667
217 -0.003451
218 -0.005943
219 -0.006021
220 -0.005573
221 -0.001948
222 0.001112
223 0.003809
224 0.002306
225 0.001274
226 0.001561
227 0.002359
228 0.003071
229 0.002065
230 0.000925
231 0.000622
232 0.002103
233 0.003499
234 0.004136
235 0.003007
236 0.004654
237 0.005979
238 0.007321
239 0.008612
240 0.010270
241 0.011488
242 0.013371
243 0.015325
244 0.013708
245 0.013262
246 0.012423
247 0.009039
248 0.008375
249 0.007252
250 0.005996
251 0.006103
252 0.007740
253 0.008315
254 0.008421
255 0.007545
256 0.006049
257 0.004022
258 0.001991
259 0.000697
260 0.000144
261 -0.000563
262 -0.000668
263 -0.000113
264 -0.001765
265 -0.002424
266 -0.005273
267 -0.005989
268 -0.005774
269 -0.006335
270 -0.004450
271 -0.003739
272 -0.000667
273 -0.000151
274 0.002012
275 0.002894
276 0.003949
277 0.006695
278 0.009707
279 0.011172
280 0.011994
281 0.010331
282 0.008929
283 0.007401
284 0.006109
285 0.004814
286 0.002760
287 0.000942
288 -0.001852
289 -0.001319
290 -0.001684
291 -0.003324
292 -0.004251
293 -0.006735
294 -0.008125
295 -0.010023
296 -0.010317
297 -0.006682
298 -0.005735
299 -0.006635
300 -0.008200
301 -0.010113
302 -0.008984
303 -0.006719
304 -0.003567
305 -0.001735
306 -0.000276
307 0.000385
308 0.001579
309 0.003912
310 0.002921
311 0.002921
312 0.003699
313 0.004753
314 0.005659
315 0.009317
316 0.012145
317 0.012197
318 0.011795
319 0.013330
320 0.011412
321 0.008924
322 0.008845
323 0.008889
324 0.006654
325 0.002733
326 0.000114
327 0.000223
328 -0.000425
329 -0.000398
330 -0.000546
331 -0.001044
332 -0.002361
333 -0.001513
334 0.000816
335 -0.001720
336 -0.006651
337 -0.006142
338 -0.007590
339 -0.006955
340 -0.007422
341 -0.007915
342 -0.009560
343 -0.012568
344 -0.013586
345 -0.013751
346 -0.013070
347 -0.012645
348 -0.010349
349 -0.007506
350 -0.004307
351 0.000014
352 0.001030
353 0.000182
354 -0.001839
355 -0.003437
356 -0.003693
357 -0.002597
358 -0.004705
359 -0.005210
360 -0.005902
361 -0.005503
362 -0.006439
363 -0.009423
364 -0.012090
365 -0.012564
366 -0.012108
367 -0.011055
368 -0.009903
369 -0.007123
370 -0.007010
371 -0.007104
372 -0.008369
373 -0.007877
374 -0.005017
375 -0.004439
376 -0.004343
377 -0.003264
378 -0.003721
379 -0.004222
380 -0.004109
381 -0.004772
382 -0.005445
383 -0.005729
384 -0.007396
385 -0.009212
386 -0.008678
387 -0.008659
388 -0.008504
389 -0.008170
390 -0.005661
391 -0.002455
392 -0.002120
393 -0.001258
394 -0.001074
395 -0.001968
396 -0.000405
397 0.000555
398 -0.001114
399 -0.002423
400 -0.000946
401 0.001980
402 0.003019
403 0.003922
404 0.004019
405 0.004437
406 0.004604
407 0.004779
408 0.004830
409 0.005885
410 0.006724
411 0.005906
412 0.005309
413 0.003168
414 -0.000046
415 0.000150
416 -0.000292
417 0.000493
418 0.001094
419 0.000854
420 0.002955
421 0.002478
422 0.001786
423 0.000488
424 0.001760
425 0.002865
426 0.001251
427 0.001423
428 0.002619
429 0.003548
430 0.005542
431 0.005263
432 0.003970
433 0.003172
434 0.002279
435 0.001047
436 0.002946
437 0.002080
438 0.003242
439 0.005381
440 0.007943
441 0.009255
442 0.012128
443 0.014066
444 0.015869
445 0.016008
446 0.016552
447 0.016357
448 0.015749
449 0.013384
450 0.012077
451 0.012178
452 0.012105
453 0.013410
454 0.014063
455 0.013070
456 0.011536
457 0.008803
458 0.005665
459 0.004751
460 0.003650
461 0.004848
462 0.004244
463 0.003341
464 0.005790
465 0.005914
466 0.004919
467 0.003175
468 0.004567
469 0.003620
470 0.001447
471 0.000278
472 -0.001033
473 0.000395
474 0.001329
475 0.001172
476 -0.000096
477 -0.000228
478 -0.000665
479 -0.000253
480 0.001315
481 0.002798
482 0.001875
483 0.002280
484 0.001307
485 -0.000666
486 -0.000968
487 -0.002173
488 -0.003959
489 -0.005375
490 -0.005382
491 -0.005081
492 -0.004183
493 -0.001978
494 -0.000904
495 0.001939
496 0.003079
497 0.003881
498 0.004390
499 0.001133
500 0.001333
501 0.001012
502 0.002093
503 0.006068
504 0.009739
505 0.007504
506 0.006205
507 0.005094
508 0.004955
509 0.005464
510 0.006282
511 0.005434
512 0.003612
513 0.003236
514 0.003134
515 0.002809
516 0.001820
517 0.000334
518 0.001418
519 0.003367
520 0.004618
521 0.006082
522 0.006804
523 0.007429
524 0.008617
525 0.009949
526 0.008387
527 0.006518
528 0.006262
529 0.005391
530 0.005702
531 0.006132
532 0.007064
533 0.006930
534 0.004949
535 0.001874
536 -0.002492
537 -0.004460
538 -0.004961
539 -0.003962
540 -0.003464
541 -0.002705
542 -0.001717
543 0.000499
544 0.002355
545 0.003754
546 0.004292
547 0.002325
548 0.001610
549 0.001641
550 0.002034
551 0.002774
552 0.000835
553 -0.002020
554 -0.003770
555 -0.005077
556 -0.005467
557 -0.004889
558 -0.003141
559 -0.005123
560 -0.007173
561 -0.009569
562 -0.012545
563 -0.012307
564 -0.014410
565 -0.017547
566 -0.018610
567 -0.017988
568 -0.017517
569 -0.017572
570 -0.017074
571 -0.014388
572 -0.011351
573 -0.009782
574 -0.007376
575 -0.004219
576 -0.001544
577 -0.003541
578 -0.003509
579 -0.003359
580 -0.003067
581 -0.003241
582 -0.004079
583 -0.004652
584 -0.006001
585 -0.009050
586 -0.008740
587 -0.012234
588 -0.013299
589 -0.012787
590 -0.011975
591 -0.012812
592 -0.011603
593 -0.008373
594 -0.006686
595 -0.005671
596 -0.006893
597 -0.005345
598 -0.005174
599 -0.003203
600 -0.003871
601 -0.004136
602 -0.003520
603 -0.003008
604 -0.002226
605 -0.002747
606 -0.004127
607 -0.002115
608 -0.000730
609 0.001194
610 0.002851
611 0.005770
612 0.007546
613 0.006347
614 0.004383
615 0.005122
616 0.007864
617 0.011854
618 0.015196
619 0.016521
620 0.016816
621 0.016107
622 0.016666
623 0.017064
624 0.014345
625 0.012726
626 0.009162
627 0.005253
628 0.003124
629 0.002629
630 0.002173
631 0.002234
632 0.001527
633 0.000277
634 -0.001017
635 0.000377
636 0.002404
637 0.002569
638 0.002295
639 0.001576
640 -0.000274
641 -0.001407
642 -0.002649
643 -0.005331
644 -0.004281
645 -0.002700
646 -0.003568
647 -0.003190
648 -0.006503
649 -0.009164
650 -0.010023
651 -0.011622
652 -0.010702
653 -0.008589
654 -0.007758
655 -0.008310
656 -0.005129
657 -0.002190
658 -0.000429
659 -0.000420
660 -0.000940
661 -0.000705
662 -0.001538
663 -0.003913
664 -0.003461
665 -0.004522
666 -0.006055
667 -0.005802
668 -0.003710
669 -0.004198
670 -0.003160
671 -0.002836
672 0.000127
673 0.000888
674 -0.000436
675 -0.000397
676 -0.004062
677 -0.006936
678 -0.006784
679 -0.005410
680 -0.003209
681 -0.001824
682 -0.003524
683 -0.003655
684 -0.002334
685 -0.002437
686 -0.002815
687 -0.000129
688 -0.000350
689 0.002822
690 0.001705
691 -0.000112
692 -0.001266
693 0.000319
694 0.000371
695 -0.002645
696 -0.000792
697 0.000486
698 -0.000082
699 -0.000975
700 -0.003355
701 -0.004319
702 -0.003904
703 -0.002564
704 -0.002787
705 -0.002287
706 -0.003789
707 -0.002395
708 -0.001585
709 -0.000862
710 0.003352
711 0.003878
712 0.001078
713 -0.000252
714 0.000023
715 -0.001181
716 -0.003285
717 -0.002397
718 -0.003306
719 -0.002915
720 -0.002347
721 -0.000235
722 0.001275
723 0.000690
724 0.001383
725 -0.000167
726 0.002171
727 0.002875
728 0.003953
729 0.004483
730 0.005470
731 0.005246
732 0.004825
733 0.004025
734 0.004271
735 0.003182
736 0.004615
737 0.003618
738 0.002821
739 0.002003
740 -0.001463
741 -0.003004
742 -0.004104
743 -0.004419
744 -0.005760
745 -0.007593
746 -0.008855
747 -0.009641
748 -0.008262
749 -0.005798
750 -0.004246
751 -0.004723
752 -0.003744
753 -0.002245
754 0.001520
755 0.004281
756 0.004408
757 0.008304
758 0.011534
759 0.014980
760 0.014099
761 0.013865
762 0.010350
763 0.007171
764 0.005509
765 0.007220
766 0.009840
767 0.010471
768 0.010988
769 0.008555
770 0.005948
771 0.004216
772 0.001943
773 0.001894
774 -0.000294
775 -0.002757
776 -0.004460
777 -0.004139
778 -0.002166
779 -0.001041
780 -0.001169
781 -0.001354
782 0.002527
783 0.004006
784 0.005467
785 0.007088
786 0.006843
787 0.008344
788 0.008666
789 0.009117
790 0.007017
791 0.006188
792 0.003123
793 0.000085
794 -0.000135
795 0.001269
796 -0.001449
797 -0.002084
798 -0.001801
799 -0.001055
800 -0.000902
801 -0.001893
802 -0.001557
803 -0.001614
804 -0.003017
805 -0.005070
806 -0.005694
807 -0.006269
808 -0.007293
809 -0.008252
810 -0.009173
811 -0.009037
812 -0.008595
813 -0.008574
814 -0.007741
815 -0.006740
816 -0.005980
817 -0.005996
818 -0.004834
819 -0.002277
820 -0.000638
821 0.001140
822 0.002162
823 0.002261
824 0.001282
825 0.002192
826 0.002791
827 0.001886
828 0.001368
829 -0.000042
830 -0.002010
831 -0.001657
832 -0.000064
833 0.001151
834 0.000760
835 -0.000493
836 -0.002011
837 -0.002929
838 -0.000656
839 -0.000488
840 -0.002675
841 -0.004858
842 -0.006682
843 -0.007929
844 -0.010433
845 -0.012207
846 -0.013259
847 -0.013256
848 -0.013155
849 -0.009976
850 -0.006352
851 -0.005024
852 -0.005753
853 -0.004776
854 -0.002523
855 -0.001182
856 -0.000217
857 0.001327
858 0.002578
859 0.004624
860 0.008545
861 0.010971
862 0.012393
863 0.011971
864 0.011521
865 0.010440
866 0.007018
867 0.005290
868 0.004649
869 0.003124
870 0.003275
871 0.004920
872 0.005080
873 0.006295
874 0.007944
875 0.008644
876 0.009212
877 0.009061
878 0.008240
879 0.008574
880 0.008577
881 0.010358
882 0.007867
883 0.005608
884 0.001211
885 -0.000796
886 -0.001342
887 -0.002330
888 -0.003386
889 -0.005257
890 -0.005401
891 -0.005086
892 -0.002906
893 -0.001225
894 0.000689
895 0.000695
896 0.001279
897 0.003253
898 0.003247
899 0.001209
900 0.000340
901 -0.000361
902 -0.000413
903 -0.000618
904 -0.000695
905 -0.000551
906 -0.001432
907 -0.002855
908 -0.003206
909 -0.000885
910 0.000821
911 0.002431
912 0.005086
913 0.006659
914 0.006333
915 0.006350
916 0.007202
917 0.007502
918 0.007417
919 0.010280
920 0.010637
921 0.012310
922 0.012916
923 0.010986
924 0.009942
925 0.010437
926 0.010693
927 0.012053
928 0.011226
929 0.010036
930 0.010188
931 0.007982
932 0.005920
933 0.003780
934 0.001557
935 0.000757
936 -0.000877
937 -0.003984
938 -0.007844
939 -0.010008
940 -0.012377
941 -0.013162
942 -0.015064
943 -0.014399
944 -0.012141
945 -0.009530
946 -0.004979
947 -0.000476
948 0.004747
949 0.006388
950 0.008237
951 0.011041
952 0.012900
953 0.013116
954 0.010825
955 0.009661
956 0.009420
957 0.007678
958 0.004582
959 0.001141
960 -0.002589
961 -0.004650
962 -0.005609
963 -0.006962
964 -0.009077
965 -0.010214
966 -0.010112
967 -0.011084
968 -0.012266
969 -0.010624
970 -0.007660
971 -0.003881
972 -0.000799
973 0.002179
974 0.002868
975 0.002101
976 0.003332
977 0.003258
978 0.003082
979 0.002906
980 0.001403
981 0.000625
982 0.000470
983 0.000314
984 -0.001085
985 -0.002946
986 -0.004974
987 -0.004145
988 -0.004138
989 -0.004744
990 -0.006182
991 -0.006473
992 -0.007000
993 -0.005319
994 -0.003988
995 -0.003333
996 -0.004447
997 -0.004630
998 -0.005722
999 -0.004897
