0	17.616422
1	19.578227
2	20.101664
3	24.606233
4	27.461875
5	32.842454
6	34.413834
7	35.635466
8	35.861608
9	37.179915
10	35.922491
11	37.270619
12	38.751427
13	37.102040
14	26.282350
15	26.014920
16	29.968160
17	32.051902
18	33.561054
19	27.154260
20	34.182411
21	39.514511
22	29.705187
23	36.675255
24	33.183058
25	33.455227
26	37.949171
27	34.291794
28	33.238158
29	31.622807
30	27.027786
31	31.369625
32	28.417380
33	27.073776
34	27.804596
35	24.610473
36	19.800962
37	17.897595
38	22.720500
39	23.487205
40	24.819962
41	25.346951
42	30.667429
43	31.698736
44	32.517558
45	30.737538
46	33.602973
47	30.898164
48	27.987485
49	22.699750
50	29.527808
51	28.414460
52	33.074522
53	28.235259
54	33.732050
55	30.405604
56	32.897908
57	29.900373
58	28.743877
59	31.465166
60	31.805933
61	35.893375
62	30.259881
63	37.164492
64	31.868263
65	30.641938
66	25.594140
67	26.473865
68	33.771766
69	32.735661
70	31.695331
71	31.733100
72	29.547560
73	39.459720
74	34.547001
75	31.917405
76	30.953431
77	36.406756
78	36.395609
79	38.085163
80	38.277467
81	40.740751
82	32.315587
83	34.778221
84	27.579685
85	25.293301
86	40.562440
87	38.667967
88	34.088098
89	29.021428
90	36.079076
91	36.145321
92	36.314009
93	32.686994
94	22.259635
95	27.819059
96	27.689559
97	26.911926
98	24.083641
99	35.813012
100	34.056491
101	34.186567
102	30.603705
103	24.887805
104	25.535284
105	32.577253
106	40.964881
107	38.041478
108	37.977795
109	29.354308
110	33.695778
111	37.185326
112	33.609354
113	36.468890
114	39.750231
115	42.963103
116	36.204293
117	35.843754
118	46.940102
119	38.702207
120	34.895446
121	33.730119
122	37.128976
123	38.607058
124	36.619587
125	35.480877
126	39.068293
127	35.615625
128	30.705780
129	35.436189
130	38.410377
131	33.350240
132	39.891805
133	39.614528
134	36.442867
135	33.302344
136	31.630448
137	34.876339
138	29.891971
139	32.326246
140	33.582811
141	32.256332
142	33.010220
143	34.500948
144	32.048374
145	32.481098
146	22.626811
147	23.923909
148	26.620733
149	22.507069
150	26.275188
151	28.009599
152	31.264066
153	28.846603
154	29.584673
155	29.972613
156	30.729301
157	34.339681
158	34.832576
159	38.876280
160	30.543850
161	33.185296
162	31.313643
163	28.367829
164	38.594343
165	37.309453
166	41.599775
167	40.106082
168	40.231811
169	32.142665
170	35.517314
171	37.608682
172	33.923664
173	30.508319
174	31.915374
175	22.638513
176	24.571715
177	28.529263
178	24.319090
179	25.272429
180	28.024754
181	30.028672
182	24.313794
183	26.005351
184	30.322864
185	28.459991
186	33.020772
187	30.883399
188	36.573497
189	32.898215
190	37.918537
191	33.855487
192	40.511729
193	37.763624
194	31.609320
195	33.045682
196	31.938478
197	29.509652
198	26.821627
199	31.127918
200	30.362502
201	33.111217
202	31.522383
203	30.481786
204	36.661178
205	39.889198
206	38.551462
207	33.652788
208	34.823028
209	32.697563
210	31.391752
211	28.626330
212	25.715683
213	25.306654
214	25.435276
215	26.906472
216	42.821518
217	42.528261
218	46.666488
219	47.646404
220	41.698823
221	43.957375
222	46.029103
223	41.528276
224	46.861503
225	43.799829
226	41.197255
227	35.423052
228	39.619018
229	40.620656
230	38.908526
231	30.388959
232	33.717750
233	37.126950
234	32.653715
235	40.132188
236	34.927666
237	30.129466
238	33.775646
239	34.992379
240	30.627930
241	28.475861
242	30.392317
243	39.859088
244	30.795403
245	26.844008
246	25.912424
247	28.770202
248	33.451631
249	35.161992
250	40.235436
251	42.554516
252	35.261939
253	32.462633
254	27.385424
255	37.131450
256	35.082510
257	29.845650
258	33.431404
259	31.066834
260	23.150516
261	26.375084
262	29.640825
263	34.752521
264	33.522168
265	34.463859
266	34.237085
267	26.845992
268	37.594235
269	40.166501
270	39.861753
271	43.370496
272	41.689278
273	42.938581
274	38.305579
275	37.474193
276	28.887220
277	24.286317
278	24.519536
279	20.633693
280	25.361991
281	26.606935
282	32.897171
283	29.701116
284	32.498091
285	32.629497
286	29.180525
287	35.126732
288	35.834799
289	36.711650
290	34.758114
291	26.225719
292	30.309436
293	28.417451
294	28.559402
295	27.687273
296	41.022639
297	36.605103
298	35.211452
299	36.264621
300	31.460259
301	46.184607
302	40.697942
303	36.452377
304	36.835548
305	32.711043
306	36.315244
307	36.995122
308	33.787879
309	38.769786
310	34.188966
311	30.424417
312	26.281016
313	26.486936
314	34.640031
315	33.425745
316	30.456568
317	29.309259
318	32.916383
319	32.090962
320	40.515269
321	31.105666
322	26.049638
323	28.220228
324	25.613277
325	27.681767
326	27.000064
327	32.742979
328	35.440665
329	38.993861
330	33.421612
331	35.144351
332	40.245350
333	40.022235
334	36.041880
335	32.836540
336	28.105312
337	33.476905
338	28.473809
339	23.370342
340	33.210180
341	30.213265
342	33.127971
343	31.772600
344	32.098249
345	26.950239
346	29.159444
347	32.220809
348	31.502663
349	26.401408
350	25.203671
351	26.965479
352	25.524210
353	22.833457
354	24.612883
355	25.615238
356	23.167289
357	27.876590
358	25.254492
359	23.701940
360	25.703047
361	25.404592
362	29.791011
363	25.007064
364	27.010478
365	30.693719
366	32.182906
367	38.397134
368	36.515865
369	41.395430
370	39.569469
371	40.408773
372	46.848728
373	55.306705
374	46.806323
375	41.634453
376	34.331666
377	42.371056
378	46.596946
379	37.184883
380	30.469958
381	32.576690
382	32.412892
383	31.997813
384	33.001654
385	30.327366
386	30.988185
387	33.813649
388	31.981898
389	33.662366
390	33.341153
391	36.071397
392	34.939790
393	33.893771
394	27.486315
395	30.741064
396	27.698856
397	29.883089
398	37.648105
399	41.228643
400	37.583046
401	33.567670
402	31.206944
403	26.019130
404	22.879218
405	26.411197
406	28.113520
407	28.998511
408	31.111755
409	33.052893
410	21.873882
411	33.270039
412	34.089493
413	33.016076
414	35.085214
415	30.372094
416	31.737116
417	34.952385
418	34.056380
419	26.407204
420	29.240668
421	29.601935
422	30.702038
423	32.290497
424	35.201310
425	32.609133
426	41.517965
427	38.750074
428	40.551043
429	34.780075
430	31.111700
431	30.042108
432	29.180798
433	33.729552
434	30.047324
435	27.469382
436	20.041452
437	24.619837
438	26.514417
439	22.744043
440	21.478768
441	20.039983
442	27.416670
443	26.220768
444	22.224773
445	26.388524
446	28.509898
447	39.240971
448	31.610710
449	21.218485
450	27.774015
451	34.425910
452	34.841682
453	33.024971
454	30.082116
455	27.188481
456	32.056046
457	33.134546
458	33.661337
459	33.928410
460	28.052833
461	32.099993
462	28.962307
463	28.712115
464	27.268506
465	28.438518
466	24.302772
467	19.812966
468	23.074106
469	27.737616
470	29.273463
471	36.531242
472	34.772909
473	36.853676
474	36.181532
475	27.589286
476	27.539308
477	24.716004
478	30.196809
479	26.400185
480	39.210794
481	36.308335
482	29.400010
483	28.726910
484	28.700127
485	23.313910
486	26.160502
487	24.014408
488	28.012248
489	30.719421
490	29.314461
491	26.245393
492	27.158713
493	35.167475
494	32.903113
495	30.963113
496	31.234117
497	26.612405
498	27.301871
499	27.100899
500	23.755730
501	32.393876
502	36.928554
503	38.929880
504	36.052147
505	31.269097
506	30.439152
507	29.603381
508	34.615108
509	39.512074
510	37.453007
511	41.654713
512	40.814861
513	42.533495
514	41.592674
515	36.167438
516	45.480102
517	45.803972
518	46.528223
519	47.976135
520	45.887392
521	37.301418
522	35.439194
523	37.101356
524	38.274316
525	36.074345
526	29.976254
527	35.707268
528	35.534784
529	30.631603
530	33.872018
531	35.272744
532	39.490871
533	39.044088
534	32.650788
535	34.622834
536	27.288978
537	32.690464
538	25.683440
539	35.098732
540	32.198743
541	35.484512
542	34.477286
543	33.964806
544	31.170609
545	38.788495
546	41.266731
547	34.763007
548	31.804824
549	36.792214
550	30.012480
551	33.557394
552	30.000918
553	28.237787
554	27.228370
555	33.240438
556	34.138732
557	27.702090
558	25.564877
559	17.817810
560	21.205278
561	22.671125
562	22.879482
563	29.599589
564	42.181598
565	32.480142
566	31.384885
567	41.135114
568	44.851751
569	37.075707
570	27.846223
571	25.728824
572	25.871377
573	23.068500
574	21.444132
575	27.292049
576	29.190752
577	27.313085
578	26.300388
579	22.195910
580	26.617967
581	31.203581
582	31.187347
583	38.130921
584	36.203253
585	30.887051
586	33.312134
587	31.860929
588	25.808330
589	23.439714
590	23.796982
591	22.254307
592	30.118160
593	30.148256
594	28.588753
595	32.255192
596	31.837072
597	24.810765
598	18.062917
599	22.020586
600	25.016811
601	30.464652
602	26.472310
603	22.881249
604	17.671789
605	22.818307
606	22.906361
607	20.086475
608	24.015859
609	28.189231
610	30.201656
611	32.373894
612	38.790041
613	34.977161
614	30.427113
615	29.719649
616	29.226331
617	23.951606
618	20.773675
619	29.715724
620	23.739932
621	29.364521
622	31.266664
623	25.120818
624	32.470584
625	33.252675
626	22.014768
627	21.937586
628	22.292083
629	20.953568
630	26.712915
631	23.161934
632	27.787301
633	28.350891
634	35.977502
635	33.825563
636	29.423455
637	30.720373
638	31.300294
639	33.060897
640	40.967233
641	31.892149
642	31.425486
643	26.597950
644	33.473600
645	32.000555
646	32.526673
647	35.019932
648	37.891288
649	32.805951
650	31.993338
651	35.337054
652	35.448116
653	31.430149
654	34.976086
655	42.943524
656	43.341724
657	38.477241
658	35.352680
659	36.779511
660	37.195569
661	34.120473
662	33.699827
663	29.990784
664	36.180397
665	31.570083
666	35.060439
667	28.184686
668	27.285452
669	27.807866
670	27.668122
671	23.807900
672	26.314308
673	29.944659
674	26.520646
675	30.077701
676	41.127060
677	33.148959
678	29.938126
679	30.130573
680	27.944791
681	32.934567
682	35.111369
683	28.135122
684	29.995293
685	37.897435
686	36.573237
687	28.396208
688	28.351061
689	24.789451
690	23.829101
691	31.150293
692	34.882898
693	39.124549
694	35.515876
695	21.156134
696	25.248934
697	26.333121
698	18.602472
699	25.860456
700	28.277334
701	39.785725
702	34.368284
703	31.357784
704	21.743790
705	20.654592
706	23.006827
707	28.104714
708	26.569730
709	24.778526
710	36.020911
711	37.123022
712	40.485050
713	38.174680
714	39.105654
715	37.189585
716	37.327705
717	34.245112
718	22.670342
719	27.636029
720	23.584715
721	20.889210
722	24.704743
723	27.742114
724	33.056778
725	32.706867
726	25.640218
727	26.074994
728	32.438873
729	39.590854
730	35.723851
731	33.930821
732	29.041607
733	30.167214
734	39.134621
735	38.900187
736	41.253225
737	38.548313
738	37.689637
739	43.175967
740	33.623207
741	35.565741
742	40.450954
743	38.844474
744	32.776681
745	33.500332
746	29.795059
747	28.395800
748	29.074047
749	26.188756
750	23.580124
751	21.098645
752	21.955691
753	28.427904
754	32.159949
755	27.533624
756	24.956631
757	25.528254
758	25.105017
759	28.833352
760	29.166305
761	26.492522
762	28.304484
763	30.413199
764	31.233070
765	28.899008
766	19.288678
767	32.839667
768	34.804546
769	30.101014
770	33.814086
771	35.571646
772	31.934233
773	37.140270
774	32.312678
775	30.875915
776	28.553898
777	32.399036
778	31.456430
779	30.481168
780	31.521537
781	32.815150
782	29.605427
783	27.762723
784	29.334707
785	28.987183
786	33.236681
787	38.898935
788	30.328083
789	30.601440
790	32.149906
791	31.217821
792	36.476553
793	34.986745
794	28.613195
795	29.070084
796	29.737779
797	29.176935
798	34.097884
799	36.496187
800	34.236211
801	35.511776
802	32.624262
803	28.137125
804	23.524737
805	27.791095
806	25.349194
807	24.930544
808	27.628766
809	27.765646
810	23.532963
811	27.391254
812	30.689260
813	30.562680
814	33.452383
815	29.721787
816	34.415509
817	35.607487
818	34.371911
819	34.591018
820	29.102563
821	32.722915
822	24.866751
823	26.850839
824	37.233587
825	34.983295
826	32.911770
827	31.724729
828	41.234145
829	38.535384
830	37.821050
831	38.746992
832	35.413370
833	32.120536
834	35.721317
835	28.351574
836	34.602051
837	30.177191
838	28.609542
839	29.491787
840	32.945370
841	34.907291
842	29.172131
843	36.208491
844	35.615740
845	36.196395
846	30.587315
847	30.542358
848	24.553856
849	25.458924
850	25.912043
851	35.997546
852	35.238542
853	34.266958
854	36.560265
855	34.232453
856	32.684041
857	29.330821
858	19.799430
859	31.546192
860	26.903330
861	20.541624
862	15.382181
863	16.398816
864	18.181281
865	23.893594
866	20.047154
867	23.457316
868	21.415875
869	32.620556
870	36.976686
871	32.625638
872	29.070223
873	30.150107
874	29.665340
875	26.599968
876	24.226532
877	19.778495
878	22.313356
879	25.861501
880	21.982331
881	17.450274
882	23.965337
883	26.746688
884	25.897076
885	27.639177
886	22.601847
887	20.642277
888	21.421621
889	18.848198
890	25.482497
891	27.875850
892	28.656497
893	31.442732
894	31.247130
895	33.250593
896	32.108745
897	31.023111
898	30.731041
899	28.122466
900	30.756707
901	26.607062
902	32.347388
903	31.009128
904	36.090200
905	37.955248
906	34.693707
907	38.312419
908	33.714182
909	34.618127
910	31.180256
911	30.299680
912	28.465363
913	41.166128
914	39.910517
915	29.691481
916	27.675687
917	33.313252
918	33.971028
919	28.943375
920	30.146706
921	29.712574
922	28.835050
923	25.658503
924	31.013709
925	34.501107
926	30.416339
927	34.629162
928	33.744363
929	32.513126
930	32.774939
931	30.209162
932	27.121014
933	25.002913
934	28.680233
935	25.218618
936	34.483122
937	39.469473
938	32.921308
939	31.311638
940	34.174744
941	34.870589
942	31.365930
943	25.614636
944	26.098450
945	27.180928
946	21.890265
947	25.969602
948	24.485974
949	32.565647
950	40.059183
951	39.676860
952	38.916372
953	37.539348
954	39.208972
955	32.180354
956	27.780183
957	37.778757
958	39.303061
959	42.887304
960	35.925227
961	35.603388
962	39.444595
963	37.495675
964	40.196443
965	51.292634
966	44.650622
967	44.064654
968	39.116305
969	45.114468
970	43.011279
971	41.025349
972	45.597532
973	35.945316
974	37.333424
975	31.245527
976	29.613355
977	26.291343
978	26.939426
979	31.616232
980	25.159284
981	28.207049
982	34.572596
983	45.626894
984	38.282619
985	28.571257
986	24.247605
987	25.387248
988	24.971493
989	27.597094
990	25.720586
991	28.184141
992	27.369744
993	31.830083
994	23.006783
995	27.333785
996	28.650821
997	30.042410
998	31.951468
999	29.423938
