0 0.445029
1 0.167812
2 0.063105
3 0.023749
4 0.008896
5 0.002784
6 0.001358
7 0.001336
8 0.000841
9 0.000312
10 0.000164
11 -0.000384
12 -0.000164
13 0.000343
14 0.000269
15 0.000081
16 -0.000126
17 0.000168
18 0.000296
19 0.000094
20 -0.000032
21 -0.000230
22 -0.000624
23 -0.001116
24 -0.000765
25 -0.000441
26 -0.000644
27 -0.000630
28 -0.000479
29 -0.000415
30 -0.000481
31 -0.000538
32 -0.000570
33 -0.000538
34 -0.000481
35 -0.000415
36 -0.000479
37 -0.000630
38 -0.000644
39 -0.000441
40 -0.000765
41 -0.001116
42 -0.000624
43 -0.000230
44 -0.000032
45 0.000094
46 0.000296
47 0.000168
48 -0.000126
49 0.000081
50 0.000269
51 0.000343
52 -0.000164
53 -0.000384
54 0.000164
55 0.000312
56 0.000841
57 0.001336
58 0.001358
59 0.002784
60 0.008896
61 0.023749
62 0.063105
63 0.167812
