0	3694.437187
1	3443.507559
2	3279.393207
3	3095.895686
4	2911.602125
5	2710.000017
6	2567.102614
7	2375.729149
8	2184.274284
9	2151.993626
10	2054.304102
11	2005.043988
12	1840.145450
13	1724.899809
14	1529.947098
15	1449.039353
16	1378.589370
17	1315.651428
18	1277.020569
19	1227.506935
20	1166.721789
21	1121.379996
22	1060.167177
23	1019.856221
24	995.742354
25	954.068747
26	916.249014
27	859.846620
28	816.836131
29	779.936291
30	743.618549
31	714.314192
32	673.872620
33	652.867157
34	609.034281
35	589.781499
36	545.034300
37	511.669471
38	494.746406
39	470.549987
40	452.731533
41	443.450691
42	439.032222
43	426.360200
44	413.049924
45	389.332618
46	363.794516
47	332.021502
48	320.243874
49	304.581453
50	290.461568
51	263.765544
52	260.553893
53	244.362892
54	244.007323
55	226.138589
56	222.044884
57	192.462369
58	177.938250
59	162.928813
60	152.408041
61	135.381496
62	124.894988
63	107.642489
64	92.691755
65	88.166949
66	80.779292
67	84.829341
68	87.987396
69	92.198736
70	83.381001
71	79.046578
72	82.358406
73	80.801479
74	68.519940
75	69.349050
76	57.337581
77	50.128138
78	48.972956
79	37.781622
80	37.525250
81	31.077649
82	31.837652
83	30.390194
84	35.364676
85	36.378417
86	28.923801
87	34.058727
88	30.474694
89	25.095706
90	28.797398
91	31.013617
92	24.362160
93	25.574390
94	29.284759
95	30.352898
96	36.700679
97	34.330434
98	34.218764
99	36.818168
100	36.226522
101	36.067146
102	38.218742
103	46.949899
104	47.161613
105	48.308169
106	43.621889
107	31.822494
108	37.021641
109	33.722976
110	31.006823
111	25.246224
112	22.221193
113	24.967487
114	30.417699
115	29.337149
116	30.958257
117	34.730799
118	36.186434
119	24.464537
120	22.105140
121	27.768298
122	24.553604
123	27.977259
124	30.565980
125	37.668161
126	33.129659
127	34.139448
128	31.521491
129	35.724324
130	32.194518
131	33.460632
132	33.804117
133	25.609697
134	26.958929
135	24.153261
136	25.476774
137	28.803912
138	28.401822
139	29.836312
140	28.260909
141	27.339087
142	31.426660
143	28.543372
144	26.877612
145	27.800329
146	28.156418
147	28.635901
148	23.464415
149	27.883267
150	28.521198
151	30.747015
152	24.108726
153	31.734023
154	31.619816
155	30.229128
156	20.472934
157	24.892365
158	24.619789
159	25.846959
160	32.616220
161	41.020062
162	27.922290
163	32.108683
164	33.328549
165	31.226135
166	35.134820
167	32.937032
168	26.439886
169	27.612693
170	26.992848
171	26.951665
172	27.335621
173	33.058506
174	36.566844
175	38.690460
176	35.387509
177	34.296836
178	27.528747
179	30.971622
180	34.939844
181	34.521032
182	30.420091
183	24.074680
184	25.480739
185	27.224391
186	22.924262
187	18.226291
188	18.272134
189	22.722437
190	24.410476
191	27.663613
192	22.917345
193	32.072160
194	27.652867
195	30.408478
196	33.741317
197	35.246881
198	25.592533
199	30.534530
200	30.357727
201	35.127797
202	34.738491
203	35.207208
204	29.872729
205	22.092873
206	23.688391
207	32.197580
208	38.464200
209	37.973753
210	37.609708
211	32.573258
212	33.936973
213	31.063069
214	32.482397
215	33.149556
216	34.147935
217	28.543932
218	21.571190
219	21.899826
220	25.900169
221	30.800486
222	32.422276
223	27.605642
224	22.377383
225	31.882029
226	31.809405
227	28.569862
228	20.399998
229	21.008660
230	24.259886
231	28.694915
232	32.318174
233	37.089714
234	30.616919
235	30.598835
236	34.699558
237	43.280940
238	33.950446
239	35.775568
240	33.629527
241	32.319486
242	28.595422
243	24.491549
244	25.105285
245	26.494590
246	25.639472
247	26.900812
248	27.839651
249	31.377819
250	29.901320
251	27.244056
252	31.367733
253	29.222662
254	29.093705
255	36.191028
256	34.013269
257	30.004491
258	32.526646
259	29.864038
260	25.759672
261	25.301845
262	25.549531
263	29.814752
264	30.508225
265	27.382315
266	23.977682
267	21.976037
268	25.786328
269	28.319499
270	30.537607
271	31.831415
272	30.199825
273	34.368755
274	32.781585
275	30.051088
276	32.960127
277	36.652747
278	34.831097
279	32.524817
280	35.451492
281	30.734590
282	26.923537
283	25.325314
284	26.638844
285	24.647069
286	25.667028
287	36.704216
288	31.849656
289	38.140289
290	28.171225
291	34.270170
292	31.559359
293	30.371407
294	30.252814
295	34.882669
296	32.712325
297	32.332167
298	34.929943
299	35.548497
300	30.451351
301	38.968640
302	33.183342
303	33.540785
304	32.928808
305	32.144975
306	28.635362
307	38.289662
308	39.121634
309	32.242010
310	34.397833
311	38.392891
312	36.672680
313	44.812753
314	41.804844
315	43.538786
316	41.872428
317	41.661948
318	45.945915
319	45.924872
320	40.308265
321	29.926421
322	28.529551
323	29.871939
324	29.767441
325	33.192702
326	33.211769
327	32.301874
328	28.798691
329	36.263011
330	39.405328
331	35.196671
332	35.911260
333	33.969442
334	29.780934
335	26.598773
336	23.563249
337	26.057415
338	30.410398
339	29.379740
340	26.484825
341	32.575817
342	32.004271
343	36.820711
344	32.887548
345	34.054704
346	38.593633
347	30.499270
348	32.728410
349	39.042299
350	35.427603
351	34.112914
352	33.872920
353	34.744900
354	32.955266
355	37.782341
356	29.338331
357	29.489934
358	31.495892
359	33.865447
360	37.478743
361	28.043707
362	31.169711
363	34.102930
364	32.622746
365	38.130649
366	34.171098
367	32.989380
368	34.028840
369	28.383959
370	28.092501
371	26.964139
372	25.118088
373	27.935194
374	27.396192
375	31.336337
376	30.898026
377	22.725072
378	27.666558
379	30.574306
380	30.961204
381	32.152951
382	41.700554
383	38.992273
384	32.173009
385	39.303298
386	35.728586
387	38.731246
388	28.253943
389	37.937590
390	29.948979
391	27.255421
392	29.072580
393	30.740956
394	32.655131
395	34.133137
396	29.176773
397	22.370491
398	23.064867
399	19.285061
400	27.435325
401	23.237795
402	24.701222
403	23.132657
404	23.849841
405	24.696941
406	28.384951
407	19.687812
408	20.847224
409	24.261469
410	25.996314
411	27.600161
412	28.652727
413	31.332071
414	22.052433
415	24.663466
416	20.096615
417	32.750259
418	25.796801
419	25.644106
420	23.361604
421	24.295172
422	28.143632
423	34.902881
424	39.745456
425	44.036856
426	40.764491
427	34.399876
428	33.428935
429	33.310421
430	35.678600
431	32.732991
432	32.959568
433	26.678322
434	21.315562
435	26.263427
436	28.663819
437	32.145178
438	32.402427
439	34.206566
440	40.697545
441	43.224468
442	47.098179
443	43.412484
444	38.340972
445	47.498517
446	47.421095
447	50.135019
448	44.188006
449	40.884499
450	36.646379
451	33.254406
452	33.597518
453	30.920563
454	42.498036
455	42.847382
456	33.486259
457	32.466895
458	26.249308
459	33.167360
460	29.121722
461	30.239335
462	31.067162
463	25.737484
464	27.200905
465	23.427933
466	31.545574
467	29.891025
468	29.445229
469	33.958493
470	28.116442
471	30.970561
472	30.805933
473	28.849216
474	33.469893
475	30.013755
476	29.113520
477	25.307618
478	23.761775
479	25.787371
480	29.682935
481	29.065358
482	31.571577
483	35.924356
484	43.324037
485	41.955961
486	31.212312
487	33.720535
488	35.522849
489	34.114960
490	34.394300
491	31.068066
492	23.854267
493	25.232728
494	23.715453
495	23.045377
496	27.876518
497	37.446927
498	35.638873
499	34.393201
500	36.746907
501	31.177008
502	25.975834
503	30.858733
504	27.936009
505	24.196756
506	26.980013
507	29.683574
508	27.590089
509	31.929258
510	26.015444
511	24.486870
512	25.118047
513	24.915376
514	26.230212
515	32.665107
516	40.353815
517	30.376066
518	24.525996
519	21.137390
520	26.609884
521	27.251924
522	25.912393
523	28.594194
524	30.401866
525	34.396941
526	26.048033
527	22.036381
528	25.459857
529	34.169052
530	31.277107
531	37.762560
532	38.690404
533	34.982468
534	31.152135
535	33.572656
536	36.543025
537	42.666996
538	44.955236
539	42.619457
540	35.377863
541	36.765296
542	38.535462
543	36.749421
544	35.658296
545	43.735299
546	48.588464
547	47.104165
548	45.179841
549	36.973126
550	37.076813
551	36.714029
552	29.599548
553	28.286828
554	26.629903
555	29.037254
556	27.429658
557	34.388496
558	34.557391
559	33.386174
560	34.909171
561	36.727282
562	34.979046
563	28.879880
564	30.251436
565	30.867119
566	28.469164
567	36.195390
568	32.341808
569	33.818971
570	32.602811
571	31.384930
572	28.932462
573	27.738998
574	25.083916
575	26.364826
576	28.530454
577	34.194424
578	40.593885
579	36.139281
580	33.989823
581	27.066059
582	31.202092
583	35.106031
584	29.670363
585	31.519056
586	29.085592
587	37.883283
588	29.809632
589	29.369068
590	35.027346
591	34.443695
592	26.792556
593	24.724343
594	24.984342
595	34.343599
596	28.455203
597	33.098376
598	29.625528
599	25.012366
600	26.881406
601	21.499375
602	24.310237
603	27.443754
604	28.585449
605	34.386281
606	31.445632
607	34.045480
608	32.550333
609	30.715771
610	34.187539
611	27.343432
612	26.427782
613	33.004733
614	28.499219
615	28.572002
616	43.730778
617	36.108144
618	33.816655
619	33.399994
620	24.438676
621	28.804973
622	26.787679
623	31.014213
624	34.006794
625	31.429512
626	37.018883
627	37.133310
628	32.227458
629	26.064087
630	26.241325
631	21.119500
632	30.012181
633	31.563333
634	29.138328
635	29.937790
636	22.810161
637	23.890957
638	28.106792
639	25.425263
640	19.374975
641	25.632038
642	31.841131
643	34.123920
644	35.453371
645	30.977978
646	29.312125
647	32.758050
648	39.452677
649	34.432536
650	29.873747
651	31.334280
652	32.675990
653	40.284494
654	37.264861
655	31.702982
656	31.357096
657	32.082354
658	28.260412
659	26.936798
660	31.643266
661	29.679539
662	29.800651
663	24.460987
664	21.973588
665	21.897935
666	25.598755
667	23.242276
668	32.863373
669	31.175414
670	26.935556
671	28.015204
672	26.584916
673	23.874244
674	28.417973
675	24.371640
676	28.742161
677	29.198695
678	32.270785
679	26.372623
680	28.324553
681	24.076314
682	29.478437
683	25.611322
684	32.594052
685	34.640006
686	33.924023
687	32.396895
688	40.805988
689	42.388046
690	39.498675
691	31.318270
692	33.998072
693	28.627515
694	32.044569
695	30.594849
696	32.332145
697	29.323588
698	27.539125
699	25.643097
700	22.891873
701	26.323936
702	25.209953
703	28.748103
704	28.607340
705	32.292839
706	36.015324
707	36.174105
708	44.333954
709	39.105861
710	41.750083
711	39.060266
712	31.294904
713	34.478598
714	30.848650
715	39.375056
716	35.791630
717	33.845425
718	30.614214
719	28.282517
720	28.597944
721	26.457888
722	29.094311
723	31.051846
724	37.413297
725	32.376351
726	30.885679
727	26.411063
728	23.903075
729	24.505111
730	31.811453
731	29.311031
732	24.422685
733	30.092265
734	36.353258
735	32.919396
736	29.001698
737	29.238939
738	27.061235
739	21.364147
740	26.636361
741	28.715388
742	36.353035
743	33.594272
744	26.020487
745	28.572994
746	30.756509
747	37.979220
748	39.595514
749	38.978318
750	40.969963
751	36.793562
752	33.784366
753	34.493400
754	41.935187
755	33.869972
756	35.161686
757	28.327706
758	29.904252
759	37.722245
760	39.208126
761	38.722219
762	38.693086
763	36.552243
764	40.858890
765	39.405721
766	31.638052
767	32.406583
768	30.483287
769	29.129252
770	30.647047
771	28.834984
772	27.106813
773	29.508083
774	27.345342
775	26.051739
776	24.960945
777	27.027171
778	24.059789
779	27.132529
780	23.570753
781	28.455982
782	32.072595
783	24.418328
784	30.557867
785	30.995687
786	29.935572
787	29.669194
788	32.741864
789	42.596498
790	40.135388
791	39.346370
792	44.354609
793	35.101739
794	33.180650
795	34.014094
796	48.499721
797	39.073505
798	44.080408
799	41.391780
800	43.987461
801	35.602828
802	35.371329
803	35.776400
804	29.300180
805	34.756120
806	28.573498
807	35.314675
808	39.987406
809	30.854273
810	29.947498
811	30.530013
812	21.487073
813	28.060676
814	35.881804
815	36.470740
816	25.421882
817	22.815480
818	27.968810
819	28.269499
820	34.926737
821	32.426450
822	35.340153
823	35.505110
824	31.650513
825	32.454582
826	34.343685
827	33.181766
828	37.669194
829	39.660693
830	29.455649
831	31.100171
832	30.393341
833	29.117956
834	26.983866
835	26.974300
836	30.534275
837	29.472329
838	28.869531
839	27.218436
840	23.346897
841	25.410393
842	25.603034
843	28.898784
844	29.475647
845	26.269364
846	30.095080
847	26.477799
848	28.658684
849	25.839026
850	28.926929
851	32.035034
852	30.138514
853	33.701686
854	34.595287
855	37.505175
856	34.682662
857	39.408712
858	43.008460
859	41.338254
860	41.785800
861	51.244468
862	42.080957
863	41.950843
864	41.909249
865	47.374345
866	40.440497
867	31.255603
868	31.065543
869	35.759494
870	36.486189
871	31.836649
872	29.599378
873	33.042328
874	36.633652
875	37.695502
876	33.060869
877	31.028320
878	33.053610
879	32.397715
880	30.969222
881	35.710613
882	41.119989
883	37.342496
884	25.904589
885	26.993339
886	33.295485
887	28.212422
888	35.216209
889	29.018855
890	29.592072
891	34.547185
892	32.394903
893	34.657861
894	29.172841
895	32.890790
896	32.449785
897	28.831519
898	38.193325
899	41.519388
900	46.582404
901	40.747499
902	41.623974
903	45.602091
904	40.097288
905	34.517894
906	35.058010
907	40.497095
908	33.046158
909	30.340764
910	37.761259
911	45.813425
912	37.961031
913	32.103031
914	37.102001
915	28.517213
916	35.121614
917	31.071946
918	26.367727
919	30.196696
920	19.684952
921	24.072701
922	22.248287
923	22.183667
924	24.506786
925	29.064339
926	26.442436
927	34.091766
928	29.447541
929	26.560027
930	35.476047
931	33.010592
932	35.750929
933	33.148053
934	28.381617
935	30.022291
936	30.484532
937	28.751589
938	34.684492
939	33.042572
940	32.270767
941	28.259111
942	27.489139
943	27.220207
944	29.652600
945	26.920186
946	25.382636
947	32.765917
948	40.521944
949	32.898767
950	37.396732
951	34.720626
952	39.205313
953	41.146752
954	36.834708
955	34.562254
956	32.587571
957	37.021927
958	38.737752
959	33.797217
960	38.063745
961	41.178760
962	36.846966
963	49.353610
964	44.727311
965	43.949323
966	41.595038
967	32.991558
968	35.618655
969	26.438024
970	26.531785
971	25.152797
972	24.014875
973	28.960249
974	29.094834
975	37.386749
976	31.583921
977	27.638065
978	31.293416
979	28.633420
980	24.479419
981	23.970875
982	24.258336
983	22.335027
984	26.637564
985	26.045480
986	26.653014
987	26.568603
988	21.651041
989	24.162875
990	27.439226
991	30.559327
992	29.826842
993	36.235141
994	37.294422
995	33.246362
996	29.513268
997	30.184180
998	26.447626
999	26.277241
